#!/bin/python3

from sense_hat import SenseHat
import time
import csv

sense = SenseHat()
sense.clear()

from sense_hat import SenseHat, ACTION_PRESSED, ACTION_HELD, ACTION_RELEASED
sense = SenseHat()


MENY_1 = [
      (155, 155, 155), (0, 0, 0), (0, 0, 0), (184, 233, 134), (184, 233, 134), (0, 0, 0), (0, 0, 0), (0, 0, 0),
    (0, 0, 0), (0, 0, 0), (184, 233, 134), (126, 211, 33), (126, 211, 33), (184, 233, 134), (0, 0, 0), (0, 0, 0),
    (0, 0, 0), (0, 0, 0), (0, 0, 0), (126, 211, 33), (126, 211, 33), (0, 0, 0), (0, 0, 0), (0, 0, 0),
    (144, 19, 254), (144, 19, 254), (0, 0, 0), (155, 155, 155), (74, 74, 74), (0, 0, 0), (248, 231, 28), (248, 231, 28),
    (144, 19, 254), (144, 19, 254), (0, 0, 0), (74, 74, 74), (155, 155, 155), (0, 0, 0), (248, 231, 28), (248, 231, 28),
    (0, 0, 0), (0, 0, 0), (0, 0, 0), (0, 0, 0), (0, 0, 0), (0, 0, 0), (0, 0, 0), (0, 0, 0),
    (0, 0, 0), (0, 0, 0), (0, 0, 0), (139, 87, 42), (139, 87, 42), (0, 0, 0), (0, 0, 0), (0, 0, 0),
    (0, 0, 0), (0, 0, 0), (0, 0, 0), (139, 87, 42), (139, 87, 42), (0, 0, 0), (0, 0, 0), (0, 0, 0),
  ]

MENY_2 = [
      (155, 155, 155), (0, 0, 0), (0, 0, 0), (184, 233, 134), (184, 233, 134), (0, 0, 0), (0, 0, 0), (0, 0, 0),
    (155, 155, 155), (0, 0, 0), (184, 233, 134), (126, 211, 33), (126, 211, 33), (184, 233, 134), (0, 0, 0), (0, 0, 0),
    (0, 0, 0), (0, 0, 0), (0, 0, 0), (126, 211, 33), (126, 211, 33), (0, 0, 0), (0, 0, 0), (0, 0, 0),
    (245, 166, 35), (245, 166, 35), (0, 0, 0), (74, 74, 74), (155, 155, 155), (0, 0, 0), (189, 16, 224), (189, 16, 224),
    (245, 166, 35), (245, 166, 35), (0, 0, 0), (155, 155, 155), (74, 74, 74), (0, 0, 0), (189, 16, 224), (189, 16, 224),
    (0, 0, 0), (0, 0, 0), (0, 0, 0), (126, 211, 33), (126, 211, 33), (0, 0, 0), (0, 0, 0), (0, 0, 0),
    (0, 0, 0), (0, 0, 0), (184, 233, 134), (126, 211, 33), (126, 211, 33), (184, 233, 134), (0, 0, 0), (0, 0, 0),
    (0, 0, 0), (0, 0, 0), (0, 0, 0), (184, 233, 134), (184, 233, 134), (0, 0, 0), (0, 0, 0), (0, 0, 0),
  ]

MENY_3 = [
      (155, 155, 155), (0, 0, 0), (0, 0, 0), (248, 231, 28), (74, 74, 74), (0, 0, 0), (0, 0, 0), (0, 0, 0),
    (155, 155, 155), (0, 0, 0), (0, 0, 0), (74, 74, 74), (248, 231, 28), (0, 0, 0), (0, 0, 0), (0, 0, 0),
    (155, 155, 155), (0, 0, 0), (0, 0, 0), (0, 0, 0), (0, 0, 0), (0, 0, 0), (0, 0, 0), (0, 0, 0),
    (74, 144, 226), (74, 144, 226), (0, 0, 0), (74, 74, 74), (155, 155, 155), (0, 0, 0), (208, 2, 27), (208, 2, 27),
    (74, 144, 226), (74, 144, 226), (0, 0, 0), (155, 155, 155), (74, 74, 74), (0, 0, 0), (208, 2, 27), (208, 2, 27),
    (0, 0, 0), (0, 0, 0), (0, 0, 0), (126, 211, 33), (126, 211, 33), (0, 0, 0), (0, 0, 0), (0, 0, 0),
    (0, 0, 0), (0, 0, 0), (184, 233, 134), (126, 211, 33), (126, 211, 33), (184, 233, 134), (0, 0, 0), (0, 0, 0),
    (0, 0, 0), (0, 0, 0), (0, 0, 0), (184, 233, 134), (184, 233, 134), (0, 0, 0), (0, 0, 0), (0, 0, 0),
  ]

MENY_1_RIGHT = [
      (155, 155, 155), (0, 0, 0), (0, 0, 0), (184, 233, 134), (184, 233, 134), (0, 0, 0), (0, 0, 0), (0, 0, 0),
    (0, 0, 0), (0, 0, 0), (184, 233, 134), (126, 211, 33), (126, 211, 33), (184, 233, 134), (0, 0, 0), (0, 0, 0),
    (0, 0, 0), (0, 0, 0), (0, 0, 0), (126, 211, 33), (126, 211, 33), (0, 0, 0), (0, 0, 0), (0, 0, 0),
    (144, 19, 254), (144, 19, 254), (0, 0, 0), (155, 155, 155), (74, 74, 74), (0, 0, 0), (0, 0, 0), (0, 0, 0),
    (144, 19, 254), (144, 19, 254), (0, 0, 0), (74, 74, 74), (155, 155, 155), (0, 0, 0), (0, 0, 0), (0, 0, 0),
    (0, 0, 0), (0, 0, 0), (0, 0, 0), (0, 0, 0), (0, 0, 0), (0, 0, 0), (0, 0, 0), (0, 0, 0),
    (0, 0, 0), (0, 0, 0), (0, 0, 0), (139, 87, 42), (139, 87, 42), (0, 0, 0), (0, 0, 0), (0, 0, 0),
    (0, 0, 0), (0, 0, 0), (0, 0, 0), (139, 87, 42), (139, 87, 42), (0, 0, 0), (0, 0, 0), (0, 0, 0),
  ]

MENY_1_LEFT = [
      (155, 155, 155), (0, 0, 0), (0, 0, 0), (184, 233, 134), (184, 233, 134), (0, 0, 0), (0, 0, 0), (0, 0, 0),
    (0, 0, 0), (0, 0, 0), (184, 233, 134), (126, 211, 33), (126, 211, 33), (184, 233, 134), (0, 0, 0), (0, 0, 0),
    (0, 0, 0), (0, 0, 0), (0, 0, 0), (126, 211, 33), (126, 211, 33), (0, 0, 0), (0, 0, 0), (0, 0, 0),
    (0, 0, 0), (0, 0, 0), (0, 0, 0), (155, 155, 155), (74, 74, 74), (0, 0, 0), (248, 231, 28), (248, 231, 28),
    (0, 0, 0), (0, 0, 0), (0, 0, 0), (74, 74, 74), (155, 155, 155), (0, 0, 0), (248, 231, 28), (248, 231, 28),
    (0, 0, 0), (0, 0, 0), (0, 0, 0), (0, 0, 0), (0, 0, 0), (0, 0, 0), (0, 0, 0), (0, 0, 0),
    (0, 0, 0), (0, 0, 0), (0, 0, 0), (139, 87, 42), (139, 87, 42), (0, 0, 0), (0, 0, 0), (0, 0, 0),
    (0, 0, 0), (0, 0, 0), (0, 0, 0), (139, 87, 42), (139, 87, 42), (0, 0, 0), (0, 0, 0), (0, 0, 0),
  ]

MENY_1_DOWN = [
      (155, 155, 155), (0, 0, 0), (0, 0, 0), (184, 233, 134), (184, 233, 134), (0, 0, 0), (0, 0, 0), (0, 0, 0),
    (0, 0, 0), (0, 0, 0), (184, 233, 134), (126, 211, 33), (126, 211, 33), (184, 233, 134), (0, 0, 0), (0, 0, 0),
    (0, 0, 0), (0, 0, 0), (0, 0, 0), (126, 211, 33), (126, 211, 33), (0, 0, 0), (0, 0, 0), (0, 0, 0),
    (144, 19, 254), (144, 19, 254), (0, 0, 0), (155, 155, 155), (74, 74, 74), (0, 0, 0), (248, 231, 28), (248, 231, 28),
    (144, 19, 254), (144, 19, 254), (0, 0, 0), (74, 74, 74), (155, 155, 155), (0, 0, 0), (248, 231, 28), (248, 231, 28),
    (0, 0, 0), (0, 0, 0), (0, 0, 0), (0, 0, 0), (0, 0, 0), (0, 0, 0), (0, 0, 0), (0, 0, 0),
    (0, 0, 0), (0, 0, 0), (0, 0, 0), (0, 0, 0), (0, 0, 0), (0, 0, 0), (0, 0, 0), (0, 0, 0),
    (0, 0, 0), (0, 0, 0), (0, 0, 0), (0, 0, 0), (0, 0, 0), (0, 0, 0), (0, 0, 0), (0, 0, 0),
  ]

MENY_2_RIGHT = [
      (155, 155, 155), (0, 0, 0), (0, 0, 0), (184, 233, 134), (184, 233, 134), (0, 0, 0), (0, 0, 0), (0, 0, 0),
    (155, 155, 155), (0, 0, 0), (184, 233, 134), (126, 211, 33), (126, 211, 33), (184, 233, 134), (0, 0, 0), (0, 0, 0),
    (0, 0, 0), (0, 0, 0), (0, 0, 0), (126, 211, 33), (126, 211, 33), (0, 0, 0), (0, 0, 0), (0, 0, 0),
    (245, 166, 35), (245, 166, 35), (0, 0, 0), (74, 74, 74), (155, 155, 155), (0, 0, 0), (0, 0, 0), (0, 0, 0),
    (245, 166, 35), (245, 166, 35), (0, 0, 0), (155, 155, 155), (74, 74, 74), (0, 0, 0), (0, 0, 0), (0, 0, 0),
    (0, 0, 0), (0, 0, 0), (0, 0, 0), (126, 211, 33), (126, 211, 33), (0, 0, 0), (0, 0, 0), (0, 0, 0),
    (0, 0, 0), (0, 0, 0), (184, 233, 134), (126, 211, 33), (126, 211, 33), (184, 233, 134), (0, 0, 0), (0, 0, 0),
    (0, 0, 0), (0, 0, 0), (0, 0, 0), (184, 233, 134), (184, 233, 134), (0, 0, 0), (0, 0, 0), (0, 0, 0),
  ]

MENY_2_LEFT = [
      (155, 155, 155), (0, 0, 0), (0, 0, 0), (184, 233, 134), (184, 233, 134), (0, 0, 0), (0, 0, 0), (0, 0, 0),
    (155, 155, 155), (0, 0, 0), (184, 233, 134), (126, 211, 33), (126, 211, 33), (184, 233, 134), (0, 0, 0), (0, 0, 0),
    (0, 0, 0), (0, 0, 0), (0, 0, 0), (126, 211, 33), (126, 211, 33), (0, 0, 0), (0, 0, 0), (0, 0, 0),
    (0, 0, 0), (0, 0, 0), (0, 0, 0), (74, 74, 74), (155, 155, 155), (0, 0, 0), (189, 16, 224), (189, 16, 224),
    (0, 0, 0), (0, 0, 0), (0, 0, 0), (155, 155, 155), (74, 74, 74), (0, 0, 0), (189, 16, 224), (189, 16, 224),
    (0, 0, 0), (0, 0, 0), (0, 0, 0), (126, 211, 33), (126, 211, 33), (0, 0, 0), (0, 0, 0), (0, 0, 0),
    (0, 0, 0), (0, 0, 0), (184, 233, 134), (126, 211, 33), (126, 211, 33), (184, 233, 134), (0, 0, 0), (0, 0, 0),
    (0, 0, 0), (0, 0, 0), (0, 0, 0), (184, 233, 134), (184, 233, 134), (0, 0, 0), (0, 0, 0), (0, 0, 0),
  ]

MENY_3_UP = [
      (155, 155, 155), (0, 0, 0), (0, 0, 0), (74, 74, 74), (248, 231, 28), (0, 0, 0), (0, 0, 0), (0, 0, 0),
    (155, 155, 155), (0, 0, 0), (0, 0, 0), (248, 231, 28), (74, 74, 74), (0, 0, 0), (0, 0, 0), (0, 0, 0),
    (155, 155, 155), (0, 0, 0), (0, 0, 0), (0, 0, 0), (0, 0, 0), (0, 0, 0), (0, 0, 0), (0, 0, 0),
    (74, 144, 226), (74, 144, 226), (0, 0, 0), (74, 74, 74), (155, 155, 155), (0, 0, 0), (208, 2, 27), (208, 2, 27),
    (74, 144, 226), (74, 144, 226), (0, 0, 0), (155, 155, 155), (74, 74, 74), (0, 0, 0), (208, 2, 27), (208, 2, 27),
    (0, 0, 0), (0, 0, 0), (0, 0, 0), (126, 211, 33), (126, 211, 33), (0, 0, 0), (0, 0, 0), (0, 0, 0),
    (0, 0, 0), (0, 0, 0), (184, 233, 134), (126, 211, 33), (126, 211, 33), (184, 233, 134), (0, 0, 0), (0, 0, 0),
    (0, 0, 0), (0, 0, 0), (0, 0, 0), (184, 233, 134), (184, 233, 134), (0, 0, 0), (0, 0, 0), (0, 0, 0),
  ]

MENY_3_LEFT = [
      (155, 155, 155), (0, 0, 0), (0, 0, 0), (248, 231, 28), (74, 74, 74), (0, 0, 0), (0, 0, 0), (0, 0, 0),
    (155, 155, 155), (0, 0, 0), (0, 0, 0), (74, 74, 74), (248, 231, 28), (0, 0, 0), (0, 0, 0), (0, 0, 0),
    (155, 155, 155), (0, 0, 0), (0, 0, 0), (0, 0, 0), (0, 0, 0), (0, 0, 0), (0, 0, 0), (0, 0, 0),
    (0, 0, 0), (0, 0, 0), (0, 0, 0), (74, 74, 74), (155, 155, 155), (0, 0, 0), (208, 2, 27), (208, 2, 27),
    (0, 0, 0), (0, 0, 0), (0, 0, 0), (155, 155, 155), (74, 74, 74), (0, 0, 0), (208, 2, 27), (208, 2, 27),
    (0, 0, 0), (0, 0, 0), (0, 0, 0), (126, 211, 33), (126, 211, 33), (0, 0, 0), (0, 0, 0), (0, 0, 0),
    (0, 0, 0), (0, 0, 0), (184, 233, 134), (126, 211, 33), (126, 211, 33), (184, 233, 134), (0, 0, 0), (0, 0, 0),
    (0, 0, 0), (0, 0, 0), (0, 0, 0), (184, 233, 134), (184, 233, 134), (0, 0, 0), (0, 0, 0), (0, 0, 0),
  ]

MENY_3_RIGHT = [
      (155, 155, 155), (0, 0, 0), (0, 0, 0), (248, 231, 28), (74, 74, 74), (0, 0, 0), (0, 0, 0), (0, 0, 0),
    (155, 155, 155), (0, 0, 0), (0, 0, 0), (74, 74, 74), (248, 231, 28), (0, 0, 0), (0, 0, 0), (0, 0, 0),
    (155, 155, 155), (0, 0, 0), (0, 0, 0), (0, 0, 0), (0, 0, 0), (0, 0, 0), (0, 0, 0), (0, 0, 0),
    (74, 144, 226), (74, 144, 226), (0, 0, 0), (74, 74, 74), (155, 155, 155), (0, 0, 0), (0, 0, 0), (0, 0, 0),
    (74, 144, 226), (74, 144, 226), (0, 0, 0), (155, 155, 155), (74, 74, 74), (0, 0, 0), (0, 0, 0), (0, 0, 0),
    (0, 0, 0), (0, 0, 0), (0, 0, 0), (126, 211, 33), (126, 211, 33), (0, 0, 0), (0, 0, 0), (0, 0, 0),
    (0, 0, 0), (0, 0, 0), (184, 233, 134), (126, 211, 33), (126, 211, 33), (184, 233, 134), (0, 0, 0), (0, 0, 0),
    (0, 0, 0), (0, 0, 0), (0, 0, 0), (184, 233, 134), (184, 233, 134), (0, 0, 0), (0, 0, 0), (0, 0, 0),
  ]

def meny1():
  sense.set_rotation(0)
  sense.set_pixels(MENY_1)
  while True:
    for event in sense.stick.get_events():
      if event.action == 'pressed':
        if event.direction == 'up':
          meny2()
        elif event.direction == 'left':
          blink(MENY_1, MENY_1_LEFT, 'left')
          # spill
          meny1()
        elif event.direction == 'right':
          blink(MENY_1, MENY_1_RIGHT, 'right')
          # spill
          meny1()
        elif event.direction == 'down':
          blink(MENY_1, MENY_1_DOWN, 'down')
          # spill
          meny1()


def meny2():
  sense.set_rotation(0)
  sense.set_pixels(MENY_2)
  while True:
    for event in sense.stick.get_events():
      if event.action == 'pressed':
        if event.direction == 'up':
          meny3()
        elif event.direction == 'down':
          meny1()
        elif event.direction == 'left':
          blink(MENY_2, MENY_2_LEFT, 'left')
          # spill
          meny2()
        elif event.direction == 'right':
          blink(MENY_2, MENY_2_RIGHT, 'right')
          # spill
          meny2()

def meny3():
  sense.set_rotation(0)
  sense.set_pixels(MENY_3)
  while True:
    for event in sense.stick.get_events():
      if event.action == 'pressed':
        if event.direction == 'up':
          blink(MENY_3, MENY_3_UP, 'up')
          # spill
          meny3()
        elif event.direction == 'down':
          meny2()
        elif event.direction == 'left':
          blink(MENY_3, MENY_3_LEFT, 'left')
          # spill
          meny3()
        elif event.direction == 'right':
          blink(MENY_3, MENY_3_RIGHT, 'right')
          # spill
          meny3()

def blink(meny, meny_direction, direction):
  while True:
    sense.set_pixels(meny_direction)
    time.sleep(0.2)
    sense.set_pixels(meny)
    time.sleep(0.2)
    for event in sense.stick.get_events():
      if event.action == 'pressed':
        if event.direction != direction:
          if meny == MENY_1:
            meny1()
          elif meny == MENY_2:
            meny2()
          elif meny == MENY_3:
            meny3()
        elif event.direction == direction:
          return

while True:
  meny1()

